-- Max dist : 94.000000 
-- Min dist : 4.000000 
一共找到了79组匹配点
3d-2d pairs: 67
solve pnp in opencv cost time: 0.000328268 seconds.
R=
[0.9981516736217029, -0.06038529718122698, 0.006844876224477917;
 0.0602840611405784, 0.9980811031334909, 0.01414013932862421;
 -0.007685598128482074, -0.01370136679929419, 0.9998765944501544]
t=
[-0.07115668177915364;
 0.01272033585789419;
 0.05104762319638161]
calling bundle adjustment by gauss newton
iteration 0 cost=38425.4660828
iteration 1 cost=1964.99560522
iteration 2 cost=1900.04710411
iteration 3 cost=1900.04130684
iteration 4 cost=1900.04129091
pose by g-n: 
   0.998151673606  -0.0603852992019  0.00684486069074  -0.0711566568363
  0.0602840635264     0.99808110327   0.0141401195031   0.0127203661661
-0.00768558145689  -0.0137013479303    0.999876594837   0.0510476258644
                0                 0                 0                 1
solve pnp by gauss newton cost time: 0.000360119 seconds.
calling bundle adjustment by g2o
optimization costs time: 0.006609594 seconds.
pose estimated by g2o =
   0.998151673622   -0.060385297179   0.0068448762413  -0.0711566818061
  0.0602840611379    0.998081103133   0.0141401393542   0.0127203358187
-0.00768559814679  -0.0137013668239     0.99987659445   0.0510476231931
                0                 0                 0                 1
solve pnp by g2o cost time: 0.006734382 seconds.
