-- Max dist : 94.000000 
-- Min dist : 4.000000 
一共找到了79组匹配点
3d-3d pairs: 65
W=  9.47781 -0.636839  0.806239
 -1.27342   1.03395 -0.862771
 0.709809 -0.626339   1.45428
U= 0.984253 -0.166047 0.0606225
 -0.14928 -0.597128  0.788133
0.0946673  0.784772  0.612512
V=  0.990189  -0.139209   0.012133
-0.0868161  -0.544828   0.834042
  0.109496   0.826912   0.551568
ICP via SVD results: 
R = [0.9984466383805302, 0.0555794596446244, 0.003903072152838694;
 -0.05512775316702086, 0.9956276472366805, -0.0754090106599149;
 -0.008077198609339586, 0.07507670559875873, 0.9971450481946256]
t = [0.04873657026560266;
 0.08215321062379503;
 -0.02880787244364691]
R_inv = [0.9984466383805302, -0.05512775316702086, -0.008077198609339586;
 0.0555794596446244, 0.9956276472366805, 0.07507670559875873;
 0.003903072152838694, -0.0754090106599149, 0.9971450481946256]
t_inv = [-0.04436462973798048;
 -0.08233995988822471;
 0.03473049734165238]
calling bundle adjustment
optimization costs time: 0.00238348 seconds.

after optimization:
T=
  0.998447  0.0555795 0.00390307  0.0487366
-0.0551277   0.995628  -0.075409  0.0821532
-0.0080772  0.0750767   0.997145 -0.0288083
         0          0          0          1
p1 = [-0.221309, -0.106904, 1.4392]
p2 = [-0.276784, -0.0890867, 1.542]
(R*p2+t) = [-0.2265507170305529;
 -0.1075661934660008;
 1.504336758271659]

p1 = [0.280929, -0.238847, 1.542]
p2 = [0.271939, -0.1887, 1.5934]
(R*p2+t) = [0.3159849216748444;
 -0.2408699909885705;
 1.543679162522247]

p1 = [-0.65034, 0.16595, 1.3878]
p2 = [-0.692968, 0.155295, 1.3878]
(R*p2+t) = [-0.6291066230287469;
 0.1703184282229118;
 1.372285891373183]

p1 = [0.637522, -0.0274659, 1.6448]
p2 = [0.552266, 0.0419882, 1.6448]
(R*p2+t) = [0.6088984652355903;
 -0.03052011876540132;
 1.609987429560544]

p1 = [-0.589921, 0.0954205, 1.2336]
p2 = [-0.677564, 0.095677, 1.3364]
(R*p2+t) = [-0.6172414965542875;
 0.11398789615448;
 1.316432345747469]

